 Eigenvalues (hartree) for nkpt=  64  k points:
 kpt#   1, nband= 25, wtk=  0.01563, kpt=  0.0000  0.0000  0.0000 (reduced coord)
  -0.75836   -0.75836   -0.75836   -0.75710   -0.75710   -0.74915   -0.74915   -0.74915
  -0.74871   -0.74871   -0.31173    0.16040    0.16040    0.16040    0.17286    0.25376
   0.25376    0.25376    0.40673    0.50465    0.50465    0.56056    0.56056    0.56056
   0.68199
 kpt#   2, nband= 25, wtk=  0.01563, kpt=  0.2500  0.0000  0.0000 (reduced coord)
  -0.75904   -0.75904   -0.75803   -0.75603   -0.75603   -0.75016   -0.75016   -0.74953
  -0.74789   -0.74789   -0.28403   -0.01214    0.12720    0.12720    0.19027    0.29407
   0.29407    0.37471    0.46262    0.46501    0.46501    0.56939    0.71606    0.71606
   0.82964
 kpt#   3, nband= 25, wtk=  0.01563, kpt=  0.5000  0.0000  0.0000 (reduced coord)
  -0.75925   -0.75925   -0.75769   -0.75554   -0.75554   -0.75048   -0.75048   -0.74989
  -0.74764   -0.74764   -0.23350   -0.12009    0.10769    0.10769    0.17236    0.29746
   0.29746    0.42866    0.55941    0.57636    0.57636    0.57929    0.61682    0.61682
   0.86011
 kpt#   4, nband= 25, wtk=  0.01563, kpt= -0.2500  0.0000  0.0000 (reduced coord)
  -0.75904   -0.75904   -0.75803   -0.75603   -0.75603   -0.75016   -0.75016   -0.74953
  -0.74789   -0.74789   -0.28403   -0.01214    0.12720    0.12720    0.19027    0.29407
   0.29407    0.37471    0.46262    0.46501    0.46501    0.56939    0.71606    0.71606
   0.82951
 kpt#   5, nband= 25, wtk=  0.01563, kpt=  0.0000  0.2500  0.0000 (reduced coord)
  -0.75904   -0.75904   -0.75803   -0.75603   -0.75603   -0.75016   -0.75016   -0.74953
  -0.74789   -0.74789   -0.28403   -0.01214    0.12720    0.12720    0.19027    0.29407
   0.29407    0.37471    0.46262    0.46501    0.46501    0.56939    0.71606    0.71606
   0.82951
 kpt#   6, nband= 25, wtk=  0.01563, kpt=  0.2500  0.2500  0.0000 (reduced coord)
  -0.75904   -0.75904   -0.75864   -0.75582   -0.75448   -0.75243   -0.74990   -0.74820
  -0.74809   -0.74809   -0.27404   -0.01052    0.08386    0.08386    0.19888    0.26502
   0.37738    0.37738    0.42617    0.54357    0.54432    0.63903    0.63903    0.66864
   0.82149
 kpt#   7, nband= 25, wtk=  0.01563, kpt=  0.5000  0.2500  0.0000 (reduced coord)
  -0.76008   -0.75950   -0.75699   -0.75452   -0.75377   -0.75306   -0.75128   -0.75006
  -0.74735   -0.74680   -0.21831   -0.11087    0.02163    0.07027    0.21416    0.31900
   0.36412    0.39027    0.53530    0.58038    0.60212    0.62013    0.65430    0.78763
   0.82373
 kpt#   8, nband= 25, wtk=  0.01563, kpt= -0.2500  0.2500  0.0000 (reduced coord)
  -0.75988   -0.75962   -0.75672   -0.75545   -0.75441   -0.75172   -0.75094   -0.75049
  -0.74721   -0.74708   -0.24132   -0.07882    0.01623    0.10389    0.23544    0.33737
   0.35298    0.36018    0.44094    0.51463    0.60680    0.62969    0.67297    0.77196
   0.83351
 kpt#   9, nband= 25, wtk=  0.01563, kpt=  0.0000  0.5000  0.0000 (reduced coord)
  -0.75925   -0.75925   -0.75769   -0.75554   -0.75554   -0.75048   -0.75048   -0.74989
  -0.74764   -0.74764   -0.23350   -0.12009    0.10769    0.10769    0.17236    0.29746
   0.29746    0.42866    0.55941    0.57636    0.57636    0.57929    0.61682    0.61682
   0.86011
 kpt#  10, nband= 25, wtk=  0.01563, kpt=  0.2500  0.5000  0.0000 (reduced coord)
  -0.76008   -0.75950   -0.75699   -0.75452   -0.75377   -0.75306   -0.75128   -0.75006
  -0.74735   -0.74680   -0.21831   -0.11087    0.02163    0.07027    0.21416    0.31900
   0.36412    0.39027    0.53530    0.58038    0.60212    0.62013    0.65430    0.78763
   0.82373
 kpt#  11, nband= 25, wtk=  0.01563, kpt=  0.5000  0.5000  0.0000 (reduced coord)
  -0.75962   -0.75962   -0.75647   -0.75647   -0.75280   -0.75280   -0.75060   -0.75060
  -0.74710   -0.74710   -0.16664   -0.16664    0.04516    0.04516    0.18932    0.18932
   0.51652    0.51652    0.59847    0.59847    0.63370    0.63370    0.66421    0.66421
   0.86701
 kpt#  12, nband= 25, wtk=  0.01563, kpt= -0.2500  0.5000  0.0000 (reduced coord)
  -0.76008   -0.75950   -0.75699   -0.75452   -0.75377   -0.75306   -0.75128   -0.75006
  -0.74735   -0.74680   -0.21831   -0.11087    0.02163    0.07027    0.21416    0.31900
   0.36412    0.39027    0.53530    0.58038    0.60212    0.62013    0.65430    0.78763
   0.82373
 kpt#  13, nband= 25, wtk=  0.01563, kpt=  0.0000 -0.2500  0.0000 (reduced coord)
  -0.75904   -0.75904   -0.75803   -0.75603   -0.75603   -0.75016   -0.75016   -0.74953
  -0.74789   -0.74789   -0.28403   -0.01214    0.12720    0.12720    0.19027    0.29407
   0.29407    0.37471    0.46262    0.46501    0.46501    0.56939    0.71606    0.71606
   0.82948
 kpt#  14, nband= 25, wtk=  0.01563, kpt=  0.2500 -0.2500  0.0000 (reduced coord)
  -0.75988   -0.75962   -0.75672   -0.75545   -0.75441   -0.75172   -0.75094   -0.75049
  -0.74721   -0.74708   -0.24132   -0.07882    0.01623    0.10389    0.23544    0.33737
   0.35298    0.36018    0.44094    0.51463    0.60680    0.62969    0.67297    0.77196
   0.83349
 kpt#  15, nband= 25, wtk=  0.01563, kpt=  0.5000 -0.2500  0.0000 (reduced coord)
  -0.76008   -0.75950   -0.75699   -0.75452   -0.75377   -0.75306   -0.75128   -0.75006
  -0.74735   -0.74680   -0.21831   -0.11087    0.02163    0.07027    0.21416    0.31900
   0.36412    0.39027    0.53530    0.58038    0.60212    0.62013    0.65430    0.78763
   0.82373
 kpt#  16, nband= 25, wtk=  0.01563, kpt= -0.2500 -0.2500  0.0000 (reduced coord)
  -0.75904   -0.75904   -0.75864   -0.75582   -0.75448   -0.75243   -0.74990   -0.74820
  -0.74809   -0.74809   -0.27404   -0.01052    0.08386    0.08386    0.19888    0.26502
   0.37738    0.37738    0.42617    0.54357    0.54432    0.63903    0.63903    0.66864
   0.82149
 kpt#  17, nband= 25, wtk=  0.01563, kpt=  0.0000  0.0000  0.2500 (reduced coord)
  -0.75904   -0.75904   -0.75803   -0.75603   -0.75603   -0.75016   -0.75016   -0.74953
  -0.74789   -0.74789   -0.28403   -0.01214    0.12720    0.12720    0.19027    0.29407
   0.29407    0.37471    0.46262    0.46501    0.46501    0.56939    0.71606    0.71606
   0.82951
 kpt#  18, nband= 25, wtk=  0.01563, kpt=  0.2500  0.0000  0.2500 (reduced coord)
  -0.75904   -0.75904   -0.75864   -0.75582   -0.75448   -0.75243   -0.74990   -0.74820
  -0.74809   -0.74809   -0.27404   -0.01052    0.08386    0.08386    0.19888    0.26502
   0.37738    0.37738    0.42617    0.54357    0.54432    0.63903    0.63903    0.66864
   0.82149
 kpt#  19, nband= 25, wtk=  0.01563, kpt=  0.5000  0.0000  0.2500 (reduced coord)
  -0.76008   -0.75950   -0.75699   -0.75452   -0.75377   -0.75306   -0.75128   -0.75006
  -0.74735   -0.74680   -0.21831   -0.11087    0.02163    0.07027    0.21416    0.31900
   0.36412    0.39027    0.53530    0.58038    0.60212    0.62013    0.65430    0.78763
   0.82373
 kpt#  20, nband= 25, wtk=  0.01563, kpt= -0.2500  0.0000  0.2500 (reduced coord)
  -0.75988   -0.75962   -0.75672   -0.75545   -0.75441   -0.75172   -0.75094   -0.75049
  -0.74721   -0.74708   -0.24132   -0.07882    0.01623    0.10389    0.23544    0.33737
   0.35298    0.36018    0.44094    0.51463    0.60680    0.62969    0.67297    0.77196
   0.83351
 kpt#  21, nband= 25, wtk=  0.01563, kpt=  0.0000  0.2500  0.2500 (reduced coord)
  -0.75904   -0.75904   -0.75864   -0.75582   -0.75448   -0.75243   -0.74990   -0.74820
  -0.74809   -0.74809   -0.27404   -0.01052    0.08386    0.08386    0.19888    0.26502
   0.37738    0.37738    0.42617    0.54357    0.54432    0.63903    0.63903    0.66864
   0.82149
 kpt#  22, nband= 25, wtk=  0.01563, kpt=  0.2500  0.2500  0.2500 (reduced coord)
  -0.75904   -0.75904   -0.75803   -0.75603   -0.75603   -0.75016   -0.75016   -0.74953
  -0.74789   -0.74789   -0.28403   -0.01214    0.12720    0.12720    0.19027    0.29407
   0.29407    0.37471    0.46262    0.46501    0.46501    0.56939    0.71606    0.71606
   0.82948
 kpt#  23, nband= 25, wtk=  0.01563, kpt=  0.5000  0.2500  0.2500 (reduced coord)
  -0.75988   -0.75962   -0.75672   -0.75545   -0.75441   -0.75172   -0.75094   -0.75049
  -0.74721   -0.74708   -0.24132   -0.07882    0.01623    0.10389    0.23544    0.33737
   0.35298    0.36018    0.44094    0.51463    0.60680    0.62969    0.67297    0.77196
   0.83349
 kpt#  24, nband= 25, wtk=  0.01563, kpt= -0.2500  0.2500  0.2500 (reduced coord)
  -0.76008   -0.75950   -0.75699   -0.75452   -0.75377   -0.75306   -0.75128   -0.75006
  -0.74735   -0.74680   -0.21831   -0.11087    0.02163    0.07027    0.21416    0.31900
   0.36412    0.39027    0.53530    0.58038    0.60212    0.62013    0.65430    0.78763
   0.82373
 kpt#  25, nband= 25, wtk=  0.01563, kpt=  0.0000  0.5000  0.2500 (reduced coord)
  -0.76008   -0.75950   -0.75699   -0.75452   -0.75377   -0.75306   -0.75128   -0.75006
  -0.74735   -0.74680   -0.21831   -0.11087    0.02163    0.07027    0.21416    0.31900
   0.36412    0.39027    0.53530    0.58038    0.60212    0.62013    0.65430    0.78763
   0.82373
 kpt#  26, nband= 25, wtk=  0.01563, kpt=  0.2500  0.5000  0.2500 (reduced coord)
  -0.75988   -0.75962   -0.75672   -0.75545   -0.75441   -0.75172   -0.75094   -0.75049
  -0.74721   -0.74708   -0.24132   -0.07882    0.01623    0.10389    0.23544    0.33737
   0.35298    0.36018    0.44094    0.51463    0.60680    0.62969    0.67297    0.77196
   0.83349
 kpt#  27, nband= 25, wtk=  0.01563, kpt=  0.5000  0.5000  0.2500 (reduced coord)
  -0.76008   -0.75950   -0.75699   -0.75452   -0.75377   -0.75306   -0.75128   -0.75006
  -0.74735   -0.74680   -0.21831   -0.11087    0.02163    0.07027    0.21416    0.31900
   0.36412    0.39027    0.53530    0.58038    0.60212    0.62013    0.65430    0.78763
   0.82373
 kpt#  28, nband= 25, wtk=  0.01563, kpt= -0.2500  0.5000  0.2500 (reduced coord)
  -0.76015   -0.76015   -0.75488   -0.75488   -0.75309   -0.75309   -0.75187   -0.75187
  -0.74666   -0.74666   -0.16285   -0.16285    0.01441    0.01441    0.32296    0.32296
   0.33578    0.33578    0.57193    0.57193    0.64201    0.64201    0.77464    0.77464
   0.79938
 kpt#  29, nband= 25, wtk=  0.01563, kpt=  0.0000 -0.2500  0.2500 (reduced coord)
  -0.75988   -0.75962   -0.75672   -0.75545   -0.75441   -0.75172   -0.75094   -0.75049
  -0.74721   -0.74708   -0.24132   -0.07882    0.01623    0.10389    0.23544    0.33737
   0.35298    0.36018    0.44094    0.51463    0.60680    0.62969    0.67297    0.77196
   0.83349
 kpt#  30, nband= 25, wtk=  0.01563, kpt=  0.2500 -0.2500  0.2500 (reduced coord)
  -0.76008   -0.75950   -0.75699   -0.75452   -0.75377   -0.75306   -0.75128   -0.75006
  -0.74735   -0.74680   -0.21831   -0.11087    0.02163    0.07027    0.21416    0.31900
   0.36412    0.39027    0.53530    0.58038    0.60212    0.62013    0.65430    0.78763
   0.82373
 kpt#  31, nband= 25, wtk=  0.01563, kpt=  0.5000 -0.2500  0.2500 (reduced coord)
  -0.76015   -0.76015   -0.75488   -0.75488   -0.75309   -0.75309   -0.75187   -0.75187
  -0.74666   -0.74666   -0.16285   -0.16285    0.01441    0.01441    0.32296    0.32296
   0.33578    0.33578    0.57193    0.57193    0.64201    0.64201    0.77464    0.77464
   0.79938
 kpt#  32, nband= 25, wtk=  0.01563, kpt= -0.2500 -0.2500  0.2500 (reduced coord)
  -0.76008   -0.75950   -0.75699   -0.75452   -0.75377   -0.75306   -0.75128   -0.75006
  -0.74735   -0.74680   -0.21831   -0.11087    0.02163    0.07027    0.21416    0.31900
   0.36412    0.39027    0.53530    0.58038    0.60212    0.62013    0.65430    0.78763
   0.82373
 kpt#  33, nband= 25, wtk=  0.01563, kpt=  0.0000  0.0000  0.5000 (reduced coord)
  -0.75925   -0.75925   -0.75769   -0.75554   -0.75554   -0.75048   -0.75048   -0.74989
  -0.74764   -0.74764   -0.23350   -0.12009    0.10769    0.10769    0.17236    0.29746
   0.29746    0.42866    0.55941    0.57636    0.57636    0.57929    0.61682    0.61682
   0.86011
 kpt#  34, nband= 25, wtk=  0.01563, kpt=  0.2500  0.0000  0.5000 (reduced coord)
  -0.76008   -0.75950   -0.75699   -0.75452   -0.75377   -0.75306   -0.75128   -0.75006
  -0.74735   -0.74680   -0.21831   -0.11087    0.02163    0.07027    0.21416    0.31900
   0.36412    0.39027    0.53530    0.58038    0.60212    0.62013    0.65430    0.78763
   0.82373
 kpt#  35, nband= 25, wtk=  0.01563, kpt=  0.5000  0.0000  0.5000 (reduced coord)
  -0.75962   -0.75962   -0.75647   -0.75647   -0.75280   -0.75280   -0.75060   -0.75060
  -0.74710   -0.74710   -0.16664   -0.16664    0.04516    0.04516    0.18932    0.18932
   0.51652    0.51652    0.59847    0.59847    0.63370    0.63370    0.66421    0.66421
   0.86698
 kpt#  36, nband= 25, wtk=  0.01563, kpt= -0.2500  0.0000  0.5000 (reduced coord)
  -0.76008   -0.75950   -0.75699   -0.75452   -0.75377   -0.75306   -0.75128   -0.75006
  -0.74735   -0.74680   -0.21831   -0.11087    0.02163    0.07027    0.21416    0.31900
   0.36412    0.39027    0.53530    0.58038    0.60212    0.62013    0.65430    0.78763
   0.82373
 kpt#  37, nband= 25, wtk=  0.01563, kpt=  0.0000  0.2500  0.5000 (reduced coord)
  -0.76008   -0.75950   -0.75699   -0.75452   -0.75377   -0.75306   -0.75128   -0.75006
  -0.74735   -0.74680   -0.21831   -0.11087    0.02163    0.07027    0.21416    0.31900
   0.36412    0.39027    0.53530    0.58038    0.60212    0.62013    0.65430    0.78763
   0.82373
 kpt#  38, nband= 25, wtk=  0.01563, kpt=  0.2500  0.2500  0.5000 (reduced coord)
  -0.75988   -0.75962   -0.75672   -0.75545   -0.75441   -0.75172   -0.75094   -0.75049
  -0.74721   -0.74708   -0.24132   -0.07882    0.01623    0.10389    0.23544    0.33737
   0.35298    0.36018    0.44094    0.51463    0.60680    0.62969    0.67297    0.77196
   0.83349
 kpt#  39, nband= 25, wtk=  0.01563, kpt=  0.5000  0.2500  0.5000 (reduced coord)
  -0.76008   -0.75950   -0.75699   -0.75452   -0.75377   -0.75306   -0.75128   -0.75006
  -0.74735   -0.74680   -0.21831   -0.11087    0.02163    0.07027    0.21416    0.31900
   0.36412    0.39027    0.53530    0.58038    0.60212    0.62013    0.65430    0.78763
   0.82373
 kpt#  40, nband= 25, wtk=  0.01563, kpt= -0.2500  0.2500  0.5000 (reduced coord)
  -0.76015   -0.76015   -0.75488   -0.75488   -0.75309   -0.75309   -0.75187   -0.75187
  -0.74666   -0.74666   -0.16285   -0.16285    0.01441    0.01441    0.32296    0.32296
   0.33578    0.33578    0.57193    0.57193    0.64201    0.64201    0.77464    0.77464
   0.79938
 kpt#  41, nband= 25, wtk=  0.01563, kpt=  0.0000  0.5000  0.5000 (reduced coord)
  -0.75962   -0.75962   -0.75647   -0.75647   -0.75280   -0.75280   -0.75060   -0.75060
  -0.74710   -0.74710   -0.16664   -0.16664    0.04516    0.04516    0.18932    0.18932
   0.51652    0.51652    0.59847    0.59847    0.63370    0.63370    0.66421    0.66421
   0.86697
 kpt#  42, nband= 25, wtk=  0.01563, kpt=  0.2500  0.5000  0.5000 (reduced coord)
  -0.76008   -0.75950   -0.75699   -0.75452   -0.75377   -0.75306   -0.75128   -0.75006
  -0.74735   -0.74680   -0.21831   -0.11087    0.02163    0.07027    0.21416    0.31900
   0.36412    0.39027    0.53530    0.58038    0.60212    0.62013    0.65430    0.78763
   0.82373
 kpt#  43, nband= 25, wtk=  0.01563, kpt=  0.5000  0.5000  0.5000 (reduced coord)
  -0.75925   -0.75925   -0.75769   -0.75554   -0.75554   -0.75048   -0.75048   -0.74989
  -0.74764   -0.74764   -0.23350   -0.12009    0.10769    0.10769    0.17236    0.29746
   0.29746    0.42866    0.55941    0.57636    0.57636    0.57929    0.61682    0.61682
   0.86011
 kpt#  44, nband= 25, wtk=  0.01563, kpt= -0.2500  0.5000  0.5000 (reduced coord)
  -0.76008   -0.75950   -0.75699   -0.75452   -0.75377   -0.75306   -0.75128   -0.75006
  -0.74735   -0.74680   -0.21831   -0.11087    0.02163    0.07027    0.21416    0.31900
   0.36412    0.39027    0.53530    0.58038    0.60212    0.62013    0.65430    0.78763
   0.82373
 kpt#  45, nband= 25, wtk=  0.01563, kpt=  0.0000 -0.2500  0.5000 (reduced coord)
  -0.76008   -0.75950   -0.75699   -0.75452   -0.75377   -0.75306   -0.75128   -0.75006
  -0.74735   -0.74680   -0.21831   -0.11087    0.02163    0.07027    0.21416    0.31900
   0.36412    0.39027    0.53530    0.58038    0.60212    0.62013    0.65430    0.78763
   0.82373
 kpt#  46, nband= 25, wtk=  0.01563, kpt=  0.2500 -0.2500  0.5000 (reduced coord)
  -0.76015   -0.76015   -0.75488   -0.75488   -0.75309   -0.75309   -0.75187   -0.75187
  -0.74666   -0.74666   -0.16285   -0.16285    0.01441    0.01441    0.32296    0.32296
   0.33578    0.33578    0.57193    0.57193    0.64201    0.64201    0.77464    0.77464
   0.79938
 kpt#  47, nband= 25, wtk=  0.01563, kpt=  0.5000 -0.2500  0.5000 (reduced coord)
  -0.76008   -0.75950   -0.75699   -0.75452   -0.75377   -0.75306   -0.75128   -0.75006
  -0.74735   -0.74680   -0.21831   -0.11087    0.02163    0.07027    0.21416    0.31900
   0.36412    0.39027    0.53530    0.58038    0.60212    0.62013    0.65430    0.78763
   0.82373
 kpt#  48, nband= 25, wtk=  0.01563, kpt= -0.2500 -0.2500  0.5000 (reduced coord)
  -0.75988   -0.75962   -0.75672   -0.75545   -0.75441   -0.75172   -0.75094   -0.75049
  -0.74721   -0.74708   -0.24132   -0.07882    0.01623    0.10389    0.23544    0.33737
   0.35298    0.36018    0.44094    0.51463    0.60680    0.62969    0.67297    0.77196
   0.83349
 kpt#  49, nband= 25, wtk=  0.01563, kpt=  0.0000  0.0000 -0.2500 (reduced coord)
  -0.75904   -0.75904   -0.75803   -0.75603   -0.75603   -0.75016   -0.75016   -0.74953
  -0.74789   -0.74789   -0.28403   -0.01214    0.12720    0.12720    0.19027    0.29407
   0.29407    0.37471    0.46262    0.46501    0.46501    0.56939    0.71606    0.71606
   0.82948
 kpt#  50, nband= 25, wtk=  0.01563, kpt=  0.2500  0.0000 -0.2500 (reduced coord)
  -0.75988   -0.75962   -0.75672   -0.75545   -0.75441   -0.75172   -0.75094   -0.75049
  -0.74721   -0.74708   -0.24132   -0.07882    0.01623    0.10389    0.23544    0.33737
   0.35298    0.36018    0.44094    0.51463    0.60680    0.62969    0.67297    0.77196
   0.83349
 kpt#  51, nband= 25, wtk=  0.01563, kpt=  0.5000  0.0000 -0.2500 (reduced coord)
  -0.76008   -0.75950   -0.75699   -0.75452   -0.75377   -0.75306   -0.75128   -0.75006
  -0.74735   -0.74680   -0.21831   -0.11087    0.02163    0.07027    0.21416    0.31900
   0.36412    0.39027    0.53530    0.58038    0.60212    0.62013    0.65430    0.78763
   0.82373
 kpt#  52, nband= 25, wtk=  0.01563, kpt= -0.2500  0.0000 -0.2500 (reduced coord)
  -0.75904   -0.75904   -0.75864   -0.75582   -0.75448   -0.75243   -0.74990   -0.74820
  -0.74809   -0.74809   -0.27404   -0.01052    0.08386    0.08386    0.19888    0.26502
   0.37738    0.37738    0.42617    0.54357    0.54432    0.63903    0.63903    0.66864
   0.82149
 kpt#  53, nband= 25, wtk=  0.01563, kpt=  0.0000  0.2500 -0.2500 (reduced coord)
  -0.75988   -0.75962   -0.75672   -0.75545   -0.75441   -0.75172   -0.75094   -0.75049
  -0.74721   -0.74708   -0.24132   -0.07882    0.01623    0.10389    0.23544    0.33737
   0.35298    0.36018    0.44094    0.51463    0.60680    0.62969    0.67297    0.77196
   0.83350
 kpt#  54, nband= 25, wtk=  0.01563, kpt=  0.2500  0.2500 -0.2500 (reduced coord)
  -0.76008   -0.75950   -0.75699   -0.75452   -0.75377   -0.75306   -0.75128   -0.75006
  -0.74735   -0.74680   -0.21831   -0.11087    0.02163    0.07027    0.21416    0.31900
   0.36412    0.39027    0.53530    0.58038    0.60212    0.62013    0.65430    0.78763
   0.82373
 kpt#  55, nband= 25, wtk=  0.01563, kpt=  0.5000  0.2500 -0.2500 (reduced coord)
  -0.76015   -0.76015   -0.75488   -0.75488   -0.75309   -0.75309   -0.75187   -0.75187
  -0.74666   -0.74666   -0.16285   -0.16285    0.01441    0.01441    0.32296    0.32296
   0.33578    0.33578    0.57193    0.57193    0.64201    0.64201    0.77464    0.77464
   0.79938
 kpt#  56, nband= 25, wtk=  0.01563, kpt= -0.2500  0.2500 -0.2500 (reduced coord)
  -0.76008   -0.75950   -0.75699   -0.75452   -0.75377   -0.75306   -0.75128   -0.75006
  -0.74735   -0.74680   -0.21831   -0.11087    0.02163    0.07027    0.21416    0.31900
   0.36412    0.39027    0.53530    0.58038    0.60212    0.62013    0.65430    0.78763
   0.82373
 kpt#  57, nband= 25, wtk=  0.01563, kpt=  0.0000  0.5000 -0.2500 (reduced coord)
  -0.76008   -0.75950   -0.75699   -0.75452   -0.75377   -0.75306   -0.75128   -0.75006
  -0.74735   -0.74680   -0.21831   -0.11087    0.02163    0.07027    0.21416    0.31900
   0.36412    0.39027    0.53530    0.58038    0.60212    0.62013    0.65430    0.78763
   0.82373
 kpt#  58, nband= 25, wtk=  0.01563, kpt=  0.2500  0.5000 -0.2500 (reduced coord)
  -0.76015   -0.76015   -0.75488   -0.75488   -0.75309   -0.75309   -0.75187   -0.75187
  -0.74666   -0.74666   -0.16285   -0.16285    0.01441    0.01441    0.32296    0.32296
   0.33578    0.33578    0.57193    0.57193    0.64201    0.64201    0.77464    0.77464
   0.79938
 kpt#  59, nband= 25, wtk=  0.01563, kpt=  0.5000  0.5000 -0.2500 (reduced coord)
  -0.76008   -0.75950   -0.75699   -0.75452   -0.75377   -0.75306   -0.75128   -0.75006
  -0.74735   -0.74680   -0.21831   -0.11087    0.02163    0.07027    0.21416    0.31900
   0.36412    0.39027    0.53530    0.58038    0.60212    0.62013    0.65430    0.78763
   0.82373
 kpt#  60, nband= 25, wtk=  0.01563, kpt= -0.2500  0.5000 -0.2500 (reduced coord)
  -0.75988   -0.75962   -0.75672   -0.75545   -0.75441   -0.75172   -0.75094   -0.75049
  -0.74721   -0.74708   -0.24132   -0.07882    0.01623    0.10389    0.23544    0.33737
   0.35298    0.36018    0.44094    0.51463    0.60680    0.62969    0.67297    0.77196
   0.83349
 kpt#  61, nband= 25, wtk=  0.01563, kpt=  0.0000 -0.2500 -0.2500 (reduced coord)
  -0.75904   -0.75904   -0.75864   -0.75582   -0.75448   -0.75243   -0.74990   -0.74820
  -0.74809   -0.74809   -0.27404   -0.01052    0.08386    0.08386    0.19888    0.26502
   0.37738    0.37738    0.42617    0.54357    0.54432    0.63903    0.63903    0.66864
   0.82149
 kpt#  62, nband= 25, wtk=  0.01563, kpt=  0.2500 -0.2500 -0.2500 (reduced coord)
  -0.76008   -0.75950   -0.75699   -0.75452   -0.75377   -0.75306   -0.75128   -0.75006
  -0.74735   -0.74680   -0.21831   -0.11087    0.02163    0.07027    0.21416    0.31900
   0.36412    0.39027    0.53530    0.58038    0.60212    0.62013    0.65430    0.78763
   0.82373
 kpt#  63, nband= 25, wtk=  0.01563, kpt=  0.5000 -0.2500 -0.2500 (reduced coord)
  -0.75988   -0.75962   -0.75672   -0.75545   -0.75441   -0.75172   -0.75094   -0.75049
  -0.74721   -0.74708   -0.24132   -0.07882    0.01623    0.10389    0.23544    0.33737
   0.35298    0.36018    0.44094    0.51463    0.60680    0.62969    0.67297    0.77196
   0.83349
 kpt#  64, nband= 25, wtk=  0.01563, kpt= -0.2500 -0.2500 -0.2500 (reduced coord)
  -0.75904   -0.75904   -0.75803   -0.75603   -0.75603   -0.75016   -0.75016   -0.74953
  -0.74789   -0.74789   -0.28403   -0.01214    0.12720    0.12720    0.19027    0.29407
   0.29407    0.37471    0.46262    0.46501    0.46501    0.56939    0.71606    0.71606
   0.82951
