 Expectation of eigenvalue derivatives (hartree) for nkpt=  64  k points:
  (in case of degenerate eigenvalues, averaged derivative)
 kpt#   1, nband= 25, wtk=  0.01563, kpt=  0.0000  0.0000  0.0000 (reduced coord)
  -0.00000   -0.00000   -0.00000    0.00000    0.00000   -0.00000   -0.00000   -0.00000
  -0.00000   -0.00000   -0.00000    0.00000    0.00000    0.00000    0.00000    0.00000
   0.00000    0.00000    0.00000   -0.00000   -0.00000    0.00000    0.00000    0.00000
   0.00000
 kpt#   2, nband= 25, wtk=  0.01563, kpt=  0.2500  0.0000  0.0000 (reduced coord)
   0.00076    0.00076   -0.00068   -0.00145   -0.00145    0.00112    0.00112    0.00078
  -0.00082   -0.00082   -0.07096    0.22097   -0.02684    0.12565    0.04338    0.05593
  -0.13378   -0.22698    0.03711   -0.04934   -0.04934   -0.23567   -0.28236   -0.28236
  -0.08270
 kpt#   3, nband= 25, wtk=  0.01563, kpt=  0.5000  0.0000  0.0000 (reduced coord)
   0.00000    0.00000   -0.00000   -0.00000   -0.00000   -0.00000   -0.00000    0.00000
   0.00000    0.00000    0.00000    0.00000    0.00000    0.00000    0.00000   -0.00000
   0.00000    0.00000    0.00000   -0.00000   -0.00000   -0.00000   -0.00000   -0.00000
   0.00000
 kpt#   4, nband= 25, wtk=  0.01563, kpt= -0.2500  0.0000  0.0000 (reduced coord)
  -0.00076   -0.00076    0.00068    0.00145    0.00145   -0.00112   -0.00112   -0.00078
   0.00082    0.00082    0.07096   -0.22097    0.02684   -0.12565   -0.04338   -0.05593
   0.13378    0.22698   -0.03711    0.04934    0.04934    0.23567    0.28236    0.28236
   0.11570
 kpt#   5, nband= 25, wtk=  0.01563, kpt=  0.0000  0.2500  0.0000 (reduced coord)
   0.00076    0.00076   -0.00068   -0.00145   -0.00145    0.00112    0.00112    0.00078
  -0.00082   -0.00082   -0.07096    0.22097   -0.02682    0.12563    0.04338    0.05591
  -0.13375   -0.22698    0.03711   -0.04934   -0.04934   -0.23567   -0.28236   -0.28236
  -0.20234
 kpt#   6, nband= 25, wtk=  0.01563, kpt=  0.2500  0.2500  0.0000 (reduced coord)
   0.00195    0.00195   -0.00148   -0.00484   -0.00759    0.00843    0.00451    0.00196
  -0.00321   -0.00321   -0.14908    0.34009    0.14947    0.14947    0.10303    0.14760
  -0.33153   -0.33153   -0.24674   -0.40550   -0.15906   -0.31611   -0.31611   -0.27346
   0.52365
 kpt#   7, nband= 25, wtk=  0.01563, kpt=  0.5000  0.2500  0.0000 (reduced coord)
   0.00154    0.00123   -0.00339   -0.00572   -0.00303    0.00368    0.00551    0.00312
  -0.00185   -0.00187   -0.17575    0.17757    0.17729    0.06819    0.07040   -0.00032
  -0.23725   -0.23628    0.17703    0.32275   -0.28231   -0.35767   -0.38781   -0.32648
  -0.32731
 kpt#   8, nband= 25, wtk=  0.01563, kpt= -0.2500  0.2500  0.0000 (reduced coord)
  -0.00000   -0.00000    0.00000   -0.00000   -0.00000    0.00000   -0.00000    0.00000
  -0.00000   -0.00000    0.00000    0.00000   -0.00000   -0.00000    0.00000    0.00000
  -0.00000    0.00000    0.00000   -0.00000   -0.00000    0.00000    0.00000    0.00000
  -0.01277
 kpt#   9, nband= 25, wtk=  0.01563, kpt=  0.0000  0.5000  0.0000 (reduced coord)
  -0.00000   -0.00000    0.00000   -0.00000   -0.00000   -0.00000   -0.00000    0.00000
   0.00000    0.00000    0.00000   -0.00000   -0.00000    0.00000    0.00000    0.00000
  -0.00000   -0.00000   -0.00000   -0.00000    0.00000   -0.00000    0.00000    0.00000
   0.00000
 kpt#  10, nband= 25, wtk=  0.01563, kpt=  0.2500  0.5000  0.0000 (reduced coord)
   0.00154    0.00123   -0.00339   -0.00572   -0.00303    0.00368    0.00551    0.00312
  -0.00185   -0.00187   -0.17575    0.17757    0.17729    0.06819    0.07040   -0.00032
  -0.23725   -0.23628    0.17703    0.32275   -0.28231   -0.35767   -0.38781   -0.32648
  -0.32731
 kpt#  11, nband= 25, wtk=  0.01563, kpt=  0.5000  0.5000  0.0000 (reduced coord)
  -0.00000   -0.00000    0.00000   -0.00000   -0.00000   -0.00000    0.00000    0.00000
   0.00000    0.00000   -0.00000   -0.00000    0.00000    0.00000   -0.00000    0.00000
   0.00000    0.00000    0.00000    0.00000   -0.00000   -0.00000    0.00000    0.00000
   0.00000
 kpt#  12, nband= 25, wtk=  0.01563, kpt= -0.2500  0.5000  0.0000 (reduced coord)
  -0.00154   -0.00123    0.00339    0.00572    0.00303   -0.00368   -0.00551   -0.00312
   0.00185    0.00187    0.17575   -0.17757   -0.17729   -0.06819   -0.07040    0.00032
   0.23725    0.23628   -0.17703   -0.32275    0.28231    0.35767    0.38781    0.32648
   0.32731
 kpt#  13, nband= 25, wtk=  0.01563, kpt=  0.0000 -0.2500  0.0000 (reduced coord)
  -0.00076   -0.00076    0.00068    0.00145    0.00145   -0.00112   -0.00112   -0.00078
   0.00082    0.00082    0.07096   -0.22097    0.02682   -0.12563   -0.04338   -0.05591
   0.13375    0.22698   -0.03711    0.04934    0.04934    0.23567    0.28236    0.28236
   0.20096
 kpt#  14, nband= 25, wtk=  0.01563, kpt=  0.2500 -0.2500  0.0000 (reduced coord)
   0.00000    0.00000   -0.00000    0.00000    0.00000   -0.00000    0.00000   -0.00000
   0.00000    0.00000   -0.00000   -0.00000    0.00000    0.00000   -0.00000   -0.00000
   0.00000   -0.00000   -0.00000    0.00000    0.00000   -0.00000   -0.00000   -0.00000
   0.00270
 kpt#  15, nband= 25, wtk=  0.01563, kpt=  0.5000 -0.2500  0.0000 (reduced coord)
  -0.00154   -0.00123    0.00339    0.00572    0.00303   -0.00368   -0.00551   -0.00312
   0.00185    0.00187    0.17575   -0.17757   -0.17729   -0.06819   -0.07040    0.00032
   0.23725    0.23628   -0.17703   -0.32275    0.28231    0.35767    0.38781    0.32648
   0.32731
 kpt#  16, nband= 25, wtk=  0.01563, kpt= -0.2500 -0.2500  0.0000 (reduced coord)
  -0.00195   -0.00195    0.00148    0.00484    0.00759   -0.00843   -0.00451   -0.00196
   0.00321    0.00321    0.14908   -0.34009   -0.14947   -0.14947   -0.10303   -0.14760
   0.33153    0.33153    0.24674    0.40550    0.15906    0.31611    0.31611    0.27346
  -0.52323
 kpt#  17, nband= 25, wtk=  0.01563, kpt=  0.0000  0.0000  0.2500 (reduced coord)
  -0.00227   -0.00227    0.00205    0.00436    0.00436   -0.00335   -0.00335   -0.00235
   0.00245    0.00245    0.21289   -0.66292   -0.14822   -0.14822   -0.13013    0.11677
   0.11677    0.68095   -0.11134    0.14801    0.14801    0.70700    0.84707    0.84707
   0.49491
 kpt#  18, nband= 25, wtk=  0.01563, kpt=  0.2500  0.0000  0.2500 (reduced coord)
  -0.00195   -0.00195    0.00148    0.00484    0.00759   -0.00843   -0.00451   -0.00196
   0.00321    0.00321    0.14908   -0.34009   -0.14947   -0.14947   -0.10303   -0.14760
   0.33153    0.33153    0.24674    0.40550    0.15906    0.31611    0.31611    0.27346
  -0.52323
 kpt#  19, nband= 25, wtk=  0.01563, kpt=  0.5000  0.0000  0.2500 (reduced coord)
  -0.00052   -0.00103    0.00050    0.00668    0.00827   -0.01074   -0.00532    0.00044
   0.00162    0.00092    0.12980   -0.04957   -0.15095   -0.18402   -0.17106   -0.56953
   0.48606    0.61191    0.24408    0.08503    0.32755    0.40382    0.17622   -0.13687
  -0.31399
 kpt#  20, nband= 25, wtk=  0.01563, kpt= -0.2500  0.0000  0.2500 (reduced coord)
  -0.00398   -0.00092    0.00515    0.00626    0.00569   -0.00443   -0.00871   -0.00383
   0.00123    0.00501    0.25020   -0.34989   -0.22919   -0.19329   -0.08188    0.32645
   0.35154    0.13649    0.19108   -0.56732    0.48441   -0.00768    0.67400    0.80116
  -0.33943
 kpt#  21, nband= 25, wtk=  0.01563, kpt=  0.0000  0.2500  0.2500 (reduced coord)
  -0.00195   -0.00195    0.00148    0.00484    0.00759   -0.00843   -0.00451   -0.00196
   0.00321    0.00321    0.14908   -0.34009   -0.14947   -0.14947   -0.10303   -0.14760
   0.33153    0.33153    0.24674    0.40550    0.15906    0.31611    0.31611    0.27346
  -0.52320
 kpt#  22, nband= 25, wtk=  0.01563, kpt=  0.2500  0.2500  0.2500 (reduced coord)
  -0.00076   -0.00076    0.00068    0.00145    0.00145   -0.00112   -0.00112   -0.00078
   0.00082    0.00082    0.07096   -0.22097   -0.04941   -0.04941   -0.04338    0.03892
   0.03892    0.22698   -0.03711    0.04934    0.04934    0.23567    0.28236    0.28236
   0.17804
 kpt#  23, nband= 25, wtk=  0.01563, kpt=  0.5000  0.2500  0.2500 (reduced coord)
  -0.00000    0.00000    0.00000   -0.00000   -0.00000   -0.00000    0.00000    0.00000
   0.00000    0.00000   -0.00000   -0.00000    0.00000    0.00000   -0.00000   -0.00000
   0.00000   -0.00000    0.00000    0.00000   -0.00000    0.00000    0.00000   -0.00000
  -0.00270
 kpt#  24, nband= 25, wtk=  0.01563, kpt= -0.2500  0.2500  0.2500 (reduced coord)
  -0.00154   -0.00123    0.00339    0.00572    0.00303   -0.00368   -0.00551   -0.00312
   0.00185    0.00187    0.17575   -0.17757   -0.17729   -0.06819   -0.07040    0.00032
   0.23725    0.23628   -0.17703   -0.32275    0.28231    0.35767    0.38781    0.32648
   0.32731
 kpt#  25, nband= 25, wtk=  0.01563, kpt=  0.0000  0.5000  0.2500 (reduced coord)
  -0.00052   -0.00103    0.00050    0.00668    0.00827   -0.01074   -0.00532    0.00044
   0.00162    0.00092    0.12980   -0.04957   -0.15095   -0.18402   -0.17106   -0.56953
   0.48606    0.61191    0.24408    0.08503    0.32755    0.40382    0.17622   -0.13687
  -0.31399
 kpt#  26, nband= 25, wtk=  0.01563, kpt=  0.2500  0.5000  0.2500 (reduced coord)
  -0.00000    0.00000    0.00000   -0.00000   -0.00000   -0.00000    0.00000    0.00000
   0.00000    0.00000   -0.00000   -0.00000    0.00000    0.00000   -0.00000   -0.00000
   0.00000   -0.00000    0.00000    0.00000   -0.00000    0.00000    0.00000   -0.00000
  -0.00270
 kpt#  27, nband= 25, wtk=  0.01563, kpt=  0.5000  0.5000  0.2500 (reduced coord)
   0.00052    0.00103   -0.00050   -0.00668   -0.00827    0.01074    0.00532   -0.00044
  -0.00162   -0.00092   -0.12980    0.04957    0.15095    0.18402    0.17106    0.56953
  -0.48606   -0.61191   -0.24408   -0.08503   -0.32755   -0.40382   -0.17622    0.13687
   0.31399
 kpt#  28, nband= 25, wtk=  0.01563, kpt= -0.2500  0.5000  0.2500 (reduced coord)
   0.00000    0.00000   -0.00184    0.00184    0.00000    0.00000   -0.00000   -0.00000
   0.00000    0.00000   -0.00141    0.00141    0.00000    0.00000   -0.18151    0.18151
  -0.01422    0.01422    0.10185   -0.10185    0.04059   -0.04059   -0.08576    0.08576
   0.43198
 kpt#  29, nband= 25, wtk=  0.01563, kpt=  0.0000 -0.2500  0.2500 (reduced coord)
  -0.00398   -0.00092    0.00515    0.00626    0.00569   -0.00443   -0.00871   -0.00383
   0.00123    0.00501    0.25020   -0.34989   -0.22919   -0.19329   -0.08188    0.32645
   0.35154    0.13649    0.19108   -0.56732    0.48441   -0.00768    0.67400    0.80116
  -0.33963
 kpt#  30, nband= 25, wtk=  0.01563, kpt=  0.2500 -0.2500  0.2500 (reduced coord)
  -0.00154   -0.00123    0.00339    0.00572    0.00303   -0.00368   -0.00551   -0.00312
   0.00185    0.00187    0.17575   -0.17757   -0.17729   -0.06819   -0.07040    0.00032
   0.23725    0.23628   -0.17703   -0.32275    0.28231    0.35767    0.38781    0.32648
   0.32731
 kpt#  31, nband= 25, wtk=  0.01563, kpt=  0.5000 -0.2500  0.2500 (reduced coord)
   0.00000    0.00000   -0.00184    0.00184    0.00000    0.00000   -0.00000   -0.00000
   0.00000    0.00000   -0.00142    0.00142    0.00000    0.00000   -0.18149    0.18149
  -0.01419    0.01419    0.10185   -0.10185    0.04061   -0.04061   -0.08568    0.08568
  -0.19497
 kpt#  32, nband= 25, wtk=  0.01563, kpt= -0.2500 -0.2500  0.2500 (reduced coord)
  -0.00256   -0.00143    0.00629    0.00475   -0.00222    0.00339   -0.00571   -0.00668
   0.00208    0.00282    0.22170   -0.30556   -0.20363    0.04764    0.03027    0.57018
  -0.01157   -0.13936   -0.59815   -0.73053    0.23708    0.31151    0.59939    0.78984
   0.96861
 kpt#  33, nband= 25, wtk=  0.01563, kpt=  0.0000  0.0000  0.5000 (reduced coord)
   0.00000    0.00000    0.00000   -0.00000   -0.00000    0.00000    0.00000    0.00000
  -0.00000   -0.00000   -0.00000   -0.00000   -0.00000    0.00000    0.00000   -0.00000
  -0.00000    0.00000   -0.00000    0.00000   -0.00000   -0.00000    0.00000    0.00000
  -0.00000
 kpt#  34, nband= 25, wtk=  0.01563, kpt=  0.2500  0.0000  0.5000 (reduced coord)
  -0.00256   -0.00143    0.00629    0.00475   -0.00222    0.00339   -0.00571   -0.00668
   0.00208    0.00282    0.22170   -0.30556   -0.20363    0.04764    0.03027    0.57018
  -0.01157   -0.13936   -0.59815   -0.73053    0.23708    0.31151    0.59939    0.78984
   0.96861
 kpt#  35, nband= 25, wtk=  0.01563, kpt=  0.5000  0.0000  0.5000 (reduced coord)
  -0.00000   -0.00000    0.00000    0.00000   -0.00000   -0.00000    0.00000    0.00000
   0.00000    0.00000    0.00000    0.00000    0.00000    0.00000    0.00000   -0.00000
   0.00000    0.00000   -0.00000    0.00000    0.00000    0.00000    0.00000    0.00000
  -0.00000
 kpt#  36, nband= 25, wtk=  0.01563, kpt= -0.2500  0.0000  0.5000 (reduced coord)
   0.00256    0.00143   -0.00629   -0.00475    0.00222   -0.00339    0.00571    0.00668
  -0.00208   -0.00282   -0.22170    0.30556    0.20363   -0.04764   -0.03027   -0.57018
   0.01157    0.13936    0.59815    0.73053   -0.23708   -0.31151   -0.59939   -0.78984
  -0.96861
 kpt#  37, nband= 25, wtk=  0.01563, kpt=  0.0000  0.2500  0.5000 (reduced coord)
  -0.00256   -0.00143    0.00629    0.00475   -0.00222    0.00339   -0.00571   -0.00668
   0.00208    0.00282    0.22170   -0.30556   -0.20363    0.04764    0.03027    0.57018
  -0.01157   -0.13936   -0.59815   -0.73053    0.23708    0.31151    0.59939    0.78984
   0.96861
 kpt#  38, nband= 25, wtk=  0.01563, kpt=  0.2500  0.2500  0.5000 (reduced coord)
  -0.00398   -0.00092    0.00515    0.00626    0.00569   -0.00443   -0.00871   -0.00383
   0.00123    0.00501    0.25020   -0.34989   -0.22919   -0.19329   -0.08188    0.32645
   0.35154    0.13649    0.19108   -0.56732    0.48441   -0.00768    0.67400    0.80116
  -0.33963
 kpt#  39, nband= 25, wtk=  0.01563, kpt=  0.5000  0.2500  0.5000 (reduced coord)
  -0.00154   -0.00123    0.00339    0.00572    0.00303   -0.00368   -0.00551   -0.00312
   0.00185    0.00187    0.17575   -0.17757   -0.17729   -0.06819   -0.07040    0.00032
   0.23725    0.23628   -0.17703   -0.32275    0.28231    0.35767    0.38781    0.32648
   0.32731
 kpt#  40, nband= 25, wtk=  0.01563, kpt= -0.2500  0.2500  0.5000 (reduced coord)
   0.00000    0.00000    0.00001   -0.00001   -0.00000   -0.00000    0.00000    0.00000
   0.00000    0.00000   -0.00001    0.00001    0.00000    0.00000    0.00006   -0.00006
   0.00003   -0.00003   -0.00000    0.00000    0.00002   -0.00002    0.00008   -0.00008
  -0.43198
 kpt#  41, nband= 25, wtk=  0.01563, kpt=  0.0000  0.5000  0.5000 (reduced coord)
  -0.00000   -0.00000   -0.00000    0.00000    0.00000    0.00000   -0.00000    0.00000
  -0.00000   -0.00000    0.00000    0.00000    0.00000    0.00000   -0.00000   -0.00000
   0.00000   -0.00000    0.00000   -0.00000    0.00000    0.00000    0.00000    0.00000
  -0.00000
 kpt#  42, nband= 25, wtk=  0.01563, kpt=  0.2500  0.5000  0.5000 (reduced coord)
  -0.00154   -0.00123    0.00339    0.00572    0.00303   -0.00368   -0.00551   -0.00312
   0.00185    0.00187    0.17575   -0.17757   -0.17729   -0.06819   -0.07040    0.00032
   0.23725    0.23628   -0.17703   -0.32275    0.28231    0.35767    0.38781    0.32648
   0.32731
 kpt#  43, nband= 25, wtk=  0.01563, kpt=  0.5000  0.5000  0.5000 (reduced coord)
   0.00000    0.00000    0.00000    0.00000    0.00000    0.00000    0.00000   -0.00000
   0.00000    0.00000   -0.00000    0.00000    0.00000    0.00000   -0.00000    0.00000
   0.00000    0.00000    0.00000    0.00000    0.00000   -0.00000   -0.00000   -0.00000
   0.00000
 kpt#  44, nband= 25, wtk=  0.01563, kpt= -0.2500  0.5000  0.5000 (reduced coord)
   0.00154    0.00123   -0.00339   -0.00572   -0.00303    0.00368    0.00551    0.00312
  -0.00185   -0.00187   -0.17575    0.17757    0.17729    0.06819    0.07040   -0.00032
  -0.23725   -0.23628    0.17703    0.32275   -0.28231   -0.35767   -0.38781   -0.32648
  -0.32731
 kpt#  45, nband= 25, wtk=  0.01563, kpt=  0.0000 -0.2500  0.5000 (reduced coord)
   0.00256    0.00143   -0.00629   -0.00475    0.00222   -0.00339    0.00571    0.00668
  -0.00208   -0.00282   -0.22170    0.30556    0.20363   -0.04764   -0.03027   -0.57018
   0.01157    0.13936    0.59815    0.73053   -0.23708   -0.31151   -0.59939   -0.78984
  -0.96861
 kpt#  46, nband= 25, wtk=  0.01563, kpt=  0.2500 -0.2500  0.5000 (reduced coord)
  -0.00000   -0.00000   -0.00001    0.00001    0.00000    0.00000   -0.00000   -0.00000
  -0.00000   -0.00000    0.00001   -0.00001    0.00000    0.00000   -0.00006    0.00006
  -0.00003    0.00003    0.00000   -0.00000   -0.00002    0.00002   -0.00008    0.00008
   0.43198
 kpt#  47, nband= 25, wtk=  0.01563, kpt=  0.5000 -0.2500  0.5000 (reduced coord)
   0.00154    0.00123   -0.00339   -0.00572   -0.00303    0.00368    0.00551    0.00312
  -0.00185   -0.00187   -0.17575    0.17757    0.17729    0.06819    0.07040   -0.00032
  -0.23725   -0.23628    0.17703    0.32275   -0.28231   -0.35767   -0.38781   -0.32648
  -0.32731
 kpt#  48, nband= 25, wtk=  0.01563, kpt= -0.2500 -0.2500  0.5000 (reduced coord)
   0.00398    0.00092   -0.00515   -0.00626   -0.00569    0.00443    0.00871    0.00383
  -0.00123   -0.00501   -0.25020    0.34989    0.22919    0.19329    0.08188   -0.32645
  -0.35154   -0.13649   -0.19108    0.56732   -0.48441    0.00768   -0.67400   -0.80116
   0.33963
 kpt#  49, nband= 25, wtk=  0.01563, kpt=  0.0000  0.0000 -0.2500 (reduced coord)
   0.00227    0.00227   -0.00205   -0.00436   -0.00436    0.00335    0.00335    0.00235
  -0.00245   -0.00245   -0.21289    0.66292    0.14822    0.14822    0.13013   -0.11677
  -0.11677   -0.68095    0.11134   -0.14801   -0.14801   -0.70700   -0.84707   -0.84707
  -0.50298
 kpt#  50, nband= 25, wtk=  0.01563, kpt=  0.2500  0.0000 -0.2500 (reduced coord)
   0.00398    0.00092   -0.00515   -0.00626   -0.00569    0.00443    0.00871    0.00383
  -0.00123   -0.00501   -0.25020    0.34989    0.22919    0.19329    0.08188   -0.32645
  -0.35154   -0.13649   -0.19108    0.56732   -0.48441    0.00768   -0.67400   -0.80116
   0.33963
 kpt#  51, nband= 25, wtk=  0.01563, kpt=  0.5000  0.0000 -0.2500 (reduced coord)
   0.00052    0.00103   -0.00050   -0.00668   -0.00827    0.01074    0.00532   -0.00044
  -0.00162   -0.00092   -0.12980    0.04957    0.15095    0.18402    0.17106    0.56953
  -0.48606   -0.61191   -0.24408   -0.08503   -0.32755   -0.40382   -0.17622    0.13687
   0.31399
 kpt#  52, nband= 25, wtk=  0.01563, kpt= -0.2500  0.0000 -0.2500 (reduced coord)
   0.00195    0.00195   -0.00148   -0.00484   -0.00759    0.00843    0.00451    0.00196
  -0.00321   -0.00321   -0.14908    0.34009    0.14947    0.14947    0.10303    0.14760
  -0.33153   -0.33153   -0.24674   -0.40550   -0.15906   -0.31611   -0.31611   -0.27346
   0.52323
 kpt#  53, nband= 25, wtk=  0.01563, kpt=  0.0000  0.2500 -0.2500 (reduced coord)
   0.00398    0.00092   -0.00515   -0.00626   -0.00569    0.00443    0.00871    0.00383
  -0.00123   -0.00501   -0.25020    0.34989    0.22919    0.19329    0.08188   -0.32645
  -0.35154   -0.13649   -0.19108    0.56732   -0.48441    0.00768   -0.67400   -0.80116
   0.33954
 kpt#  54, nband= 25, wtk=  0.01563, kpt=  0.2500  0.2500 -0.2500 (reduced coord)
   0.00256    0.00143   -0.00629   -0.00475    0.00222   -0.00339    0.00571    0.00668
  -0.00208   -0.00282   -0.22170    0.30556    0.20363   -0.04764   -0.03027   -0.57018
   0.01157    0.13936    0.59815    0.73053   -0.23708   -0.31151   -0.59939   -0.78984
  -0.96861
 kpt#  55, nband= 25, wtk=  0.01563, kpt=  0.5000  0.2500 -0.2500 (reduced coord)
  -0.00000   -0.00000    0.00184   -0.00184   -0.00000   -0.00000    0.00000    0.00000
  -0.00000   -0.00000    0.00142   -0.00142   -0.00000   -0.00000    0.18149   -0.18149
   0.01419   -0.01419   -0.10185    0.10185   -0.04061    0.04061    0.08568   -0.08568
   0.19497
 kpt#  56, nband= 25, wtk=  0.01563, kpt= -0.2500  0.2500 -0.2500 (reduced coord)
   0.00154    0.00123   -0.00339   -0.00572   -0.00303    0.00368    0.00551    0.00312
  -0.00185   -0.00187   -0.17575    0.17757    0.17729    0.06819    0.07040   -0.00032
  -0.23725   -0.23628    0.17703    0.32275   -0.28231   -0.35767   -0.38781   -0.32648
  -0.32731
 kpt#  57, nband= 25, wtk=  0.01563, kpt=  0.0000  0.5000 -0.2500 (reduced coord)
   0.00052    0.00103   -0.00050   -0.00668   -0.00827    0.01074    0.00532   -0.00044
  -0.00162   -0.00092   -0.12980    0.04957    0.15095    0.18402    0.17106    0.56953
  -0.48606   -0.61191   -0.24408   -0.08503   -0.32755   -0.40382   -0.17622    0.13687
   0.31399
 kpt#  58, nband= 25, wtk=  0.01563, kpt=  0.2500  0.5000 -0.2500 (reduced coord)
  -0.00000   -0.00000    0.00184   -0.00184   -0.00000   -0.00000    0.00000    0.00000
  -0.00000   -0.00000    0.00141   -0.00141   -0.00000   -0.00000    0.18151   -0.18151
   0.01422   -0.01422   -0.10185    0.10185   -0.04059    0.04059    0.08576   -0.08576
  -0.43198
 kpt#  59, nband= 25, wtk=  0.01563, kpt=  0.5000  0.5000 -0.2500 (reduced coord)
  -0.00052   -0.00103    0.00050    0.00668    0.00827   -0.01074   -0.00532    0.00044
   0.00162    0.00092    0.12980   -0.04957   -0.15095   -0.18402   -0.17106   -0.56953
   0.48606    0.61191    0.24408    0.08503    0.32755    0.40382    0.17622   -0.13687
  -0.31399
 kpt#  60, nband= 25, wtk=  0.01563, kpt= -0.2500  0.5000 -0.2500 (reduced coord)
   0.00000   -0.00000   -0.00000    0.00000    0.00000    0.00000   -0.00000   -0.00000
  -0.00000   -0.00000    0.00000    0.00000   -0.00000   -0.00000    0.00000    0.00000
  -0.00000    0.00000   -0.00000   -0.00000    0.00000   -0.00000   -0.00000    0.00000
   0.00270
 kpt#  61, nband= 25, wtk=  0.01563, kpt=  0.0000 -0.2500 -0.2500 (reduced coord)
   0.00195    0.00195   -0.00148   -0.00484   -0.00759    0.00843    0.00451    0.00196
  -0.00321   -0.00321   -0.14908    0.34009    0.14947    0.14947    0.10303    0.14760
  -0.33153   -0.33153   -0.24674   -0.40550   -0.15906   -0.31611   -0.31611   -0.27346
   0.52317
 kpt#  62, nband= 25, wtk=  0.01563, kpt=  0.2500 -0.2500 -0.2500 (reduced coord)
   0.00154    0.00123   -0.00339   -0.00572   -0.00303    0.00368    0.00551    0.00312
  -0.00185   -0.00187   -0.17575    0.17757    0.17729    0.06819    0.07040   -0.00032
  -0.23725   -0.23628    0.17703    0.32275   -0.28231   -0.35767   -0.38781   -0.32648
  -0.32731
 kpt#  63, nband= 25, wtk=  0.01563, kpt=  0.5000 -0.2500 -0.2500 (reduced coord)
   0.00000   -0.00000   -0.00000    0.00000    0.00000    0.00000   -0.00000   -0.00000
  -0.00000   -0.00000    0.00000    0.00000   -0.00000   -0.00000    0.00000    0.00000
  -0.00000    0.00000   -0.00000   -0.00000    0.00000   -0.00000   -0.00000    0.00000
   0.00270
 kpt#  64, nband= 25, wtk=  0.01563, kpt= -0.2500 -0.2500 -0.2500 (reduced coord)
   0.00076    0.00076   -0.00068   -0.00145   -0.00145    0.00112    0.00112    0.00078
  -0.00082   -0.00082   -0.07096    0.22097    0.04941    0.04941    0.04338   -0.03892
  -0.03892   -0.22698    0.03711   -0.04934   -0.04934   -0.23567   -0.28236   -0.28236
  -0.17686
